finished prime generation
181
2000000011
200000004037
20000000431
200000400031
20040000031
200400073
200400077
20071
2011
2017
2040080000071
2040080004019
20431
2099
211
2400000073
240840013
2408400811
2473
2477
271
277
40000000000033
40000000000097
400000000237
4000000080023
400000008061
40000000861
40000021
40000086000097
4000008697
400002073
40008000006031
400200000037
40020000037
400237
400277
4008006000091
4008200000033
4008200071
4008271
4021
4027
4020800071
4020804000091
40208040091
4073
4079
4080000000029
4080000000067
40867
40860000000019
421
4231
457
480006031
48020000004091
48091
4813
4817
4860013
60000000037
6037
631
800000000413
80000000402039
80000004061
80000040000091
80000060040091
80000060040097
80000060071
80004000020071
8000406040013
8000406040019
8004000619
8004600031
8011
8017
8039
80402000071
80402071
84061
84067
8461
8467
